8
2  -1  0  0  0  0  0  0
 -1  2  -1  0  0  0  0  0
 0  -1  2  -1  0  0  0  0  
 0  0  -1  2  -1  0  0  0  
 0  0  0  -1  2  -1  0   0  
 0  0  0  0  -1  2  -1  0  
 0  0  0  0  0  -1  2  -1  
 0  0   0  0  0  0  -1  2
 
 wartosci wlasne: {3.87939, 3.53209, 3., 2.3473, 1.6527, 1., 0.467911, 
  0.120615}, 
  
  
  {{-0.16123, 0.303013, -0.408248, 0.464243, -0.464243, 
   0.408248, -0.303013, 0.16123}, {-0.303013, 0.464243, -0.408248, 
   0.16123, 0.16123, -0.408248, 0.464243, -0.303013}, {-0.408248, 
   0.408248, 3.62597*10^-16, -0.408248, 
   0.408248, -9.06493*10^-16, -0.408248, 
   0.408248}, {0.464243, -0.16123, -0.408248, 0.303013, 
   0.303013, -0.408248, -0.16123, 0.464243}, {0.464243, 
   0.16123, -0.408248, -0.303013, 0.303013, 
   0.408248, -0.16123, -0.464243}, {-0.408248, -0.408248, \
-1.72234*10^-15, 0.408248, 0.408248, 
   1.54104*10^-15, -0.408248, -0.408248}, {0.303013, 0.464243, 
   0.408248, 
   0.16123, -0.16123, -0.408248, -0.464243, -0.303013}, {0.16123, 
   0.303013, 0.408248, 0.464243, 0.464243, 0.408248, 0.303013, 
   0.16123}}